{
 "cells": [
  {
   "cell_type": "code",
   "execution_count": 1,
   "id": "02e0fbf7",
   "metadata": {},
   "outputs": [],
   "source": [
    "import pandas as pd\n",
    "import numpy as np\n",
    "import matplotlib.pyplot as plt\n",
    "import seaborn as sns\n",
    "\n",
    "import warnings\n",
    "warnings.filterwarnings('ignore')"
   ]
  },
  {
   "cell_type": "code",
   "execution_count": 2,
   "id": "342899c7",
   "metadata": {},
   "outputs": [
    {
     "data": {
      "application/vnd.microsoft.datawrangler.viewer.v0+json": {
       "columns": [
        {
         "name": "index",
         "rawType": "int64",
         "type": "integer"
        },
        {
         "name": "instant",
         "rawType": "int64",
         "type": "integer"
        },
        {
         "name": "dteday",
         "rawType": "object",
         "type": "string"
        },
        {
         "name": "season",
         "rawType": "int64",
         "type": "integer"
        },
        {
         "name": "yr",
         "rawType": "int64",
         "type": "integer"
        },
        {
         "name": "mnth",
         "rawType": "int64",
         "type": "integer"
        },
        {
         "name": "holiday",
         "rawType": "int64",
         "type": "integer"
        },
        {
         "name": "weekday",
         "rawType": "int64",
         "type": "integer"
        },
        {
         "name": "workingday",
         "rawType": "int64",
         "type": "integer"
        },
        {
         "name": "weathersit",
         "rawType": "int64",
         "type": "integer"
        },
        {
         "name": "temp",
         "rawType": "float64",
         "type": "float"
        },
        {
         "name": "atemp",
         "rawType": "float64",
         "type": "float"
        },
        {
         "name": "hum",
         "rawType": "float64",
         "type": "float"
        },
        {
         "name": "windspeed",
         "rawType": "float64",
         "type": "float"
        },
        {
         "name": "casual",
         "rawType": "int64",
         "type": "integer"
        },
        {
         "name": "registered",
         "rawType": "int64",
         "type": "integer"
        },
        {
         "name": "cnt",
         "rawType": "int64",
         "type": "integer"
        }
       ],
       "ref": "5f93f2a7-ecc0-4733-8e65-18c71dba22a5",
       "rows": [
        [
         "0",
         "1",
         "2011-01-01",
         "1",
         "0",
         "1",
         "0",
         "6",
         "0",
         "2",
         "0.344167",
         "0.363625",
         "0.805833",
         "0.160446",
         "331",
         "654",
         "985"
        ],
        [
         "1",
         "2",
         "2011-01-02",
         "1",
         "0",
         "1",
         "0",
         "0",
         "0",
         "2",
         "0.363478",
         "0.353739",
         "0.696087",
         "0.248539",
         "131",
         "670",
         "801"
        ],
        [
         "2",
         "3",
         "2011-01-03",
         "1",
         "0",
         "1",
         "0",
         "1",
         "1",
         "1",
         "0.196364",
         "0.189405",
         "0.437273",
         "0.248309",
         "120",
         "1229",
         "1349"
        ],
        [
         "3",
         "4",
         "2011-01-04",
         "1",
         "0",
         "1",
         "0",
         "2",
         "1",
         "1",
         "0.2",
         "0.212122",
         "0.590435",
         "0.160296",
         "108",
         "1454",
         "1562"
        ],
        [
         "4",
         "5",
         "2011-01-05",
         "1",
         "0",
         "1",
         "0",
         "3",
         "1",
         "1",
         "0.226957",
         "0.22927",
         "0.436957",
         "0.1869",
         "82",
         "1518",
         "1600"
        ]
       ],
       "shape": {
        "columns": 16,
        "rows": 5
       }
      },
      "text/html": [
       "<div>\n",
       "<style scoped>\n",
       "    .dataframe tbody tr th:only-of-type {\n",
       "        vertical-align: middle;\n",
       "    }\n",
       "\n",
       "    .dataframe tbody tr th {\n",
       "        vertical-align: top;\n",
       "    }\n",
       "\n",
       "    .dataframe thead th {\n",
       "        text-align: right;\n",
       "    }\n",
       "</style>\n",
       "<table border=\"1\" class=\"dataframe\">\n",
       "  <thead>\n",
       "    <tr style=\"text-align: right;\">\n",
       "      <th></th>\n",
       "      <th>instant</th>\n",
       "      <th>dteday</th>\n",
       "      <th>season</th>\n",
       "      <th>yr</th>\n",
       "      <th>mnth</th>\n",
       "      <th>holiday</th>\n",
       "      <th>weekday</th>\n",
       "      <th>workingday</th>\n",
       "      <th>weathersit</th>\n",
       "      <th>temp</th>\n",
       "      <th>atemp</th>\n",
       "      <th>hum</th>\n",
       "      <th>windspeed</th>\n",
       "      <th>casual</th>\n",
       "      <th>registered</th>\n",
       "      <th>cnt</th>\n",
       "    </tr>\n",
       "  </thead>\n",
       "  <tbody>\n",
       "    <tr>\n",
       "      <th>0</th>\n",
       "      <td>1</td>\n",
       "      <td>2011-01-01</td>\n",
       "      <td>1</td>\n",
       "      <td>0</td>\n",
       "      <td>1</td>\n",
       "      <td>0</td>\n",
       "      <td>6</td>\n",
       "      <td>0</td>\n",
       "      <td>2</td>\n",
       "      <td>0.344167</td>\n",
       "      <td>0.363625</td>\n",
       "      <td>0.805833</td>\n",
       "      <td>0.160446</td>\n",
       "      <td>331</td>\n",
       "      <td>654</td>\n",
       "      <td>985</td>\n",
       "    </tr>\n",
       "    <tr>\n",
       "      <th>1</th>\n",
       "      <td>2</td>\n",
       "      <td>2011-01-02</td>\n",
       "      <td>1</td>\n",
       "      <td>0</td>\n",
       "      <td>1</td>\n",
       "      <td>0</td>\n",
       "      <td>0</td>\n",
       "      <td>0</td>\n",
       "      <td>2</td>\n",
       "      <td>0.363478</td>\n",
       "      <td>0.353739</td>\n",
       "      <td>0.696087</td>\n",
       "      <td>0.248539</td>\n",
       "      <td>131</td>\n",
       "      <td>670</td>\n",
       "      <td>801</td>\n",
       "    </tr>\n",
       "    <tr>\n",
       "      <th>2</th>\n",
       "      <td>3</td>\n",
       "      <td>2011-01-03</td>\n",
       "      <td>1</td>\n",
       "      <td>0</td>\n",
       "      <td>1</td>\n",
       "      <td>0</td>\n",
       "      <td>1</td>\n",
       "      <td>1</td>\n",
       "      <td>1</td>\n",
       "      <td>0.196364</td>\n",
       "      <td>0.189405</td>\n",
       "      <td>0.437273</td>\n",
       "      <td>0.248309</td>\n",
       "      <td>120</td>\n",
       "      <td>1229</td>\n",
       "      <td>1349</td>\n",
       "    </tr>\n",
       "    <tr>\n",
       "      <th>3</th>\n",
       "      <td>4</td>\n",
       "      <td>2011-01-04</td>\n",
       "      <td>1</td>\n",
       "      <td>0</td>\n",
       "      <td>1</td>\n",
       "      <td>0</td>\n",
       "      <td>2</td>\n",
       "      <td>1</td>\n",
       "      <td>1</td>\n",
       "      <td>0.200000</td>\n",
       "      <td>0.212122</td>\n",
       "      <td>0.590435</td>\n",
       "      <td>0.160296</td>\n",
       "      <td>108</td>\n",
       "      <td>1454</td>\n",
       "      <td>1562</td>\n",
       "    </tr>\n",
       "    <tr>\n",
       "      <th>4</th>\n",
       "      <td>5</td>\n",
       "      <td>2011-01-05</td>\n",
       "      <td>1</td>\n",
       "      <td>0</td>\n",
       "      <td>1</td>\n",
       "      <td>0</td>\n",
       "      <td>3</td>\n",
       "      <td>1</td>\n",
       "      <td>1</td>\n",
       "      <td>0.226957</td>\n",
       "      <td>0.229270</td>\n",
       "      <td>0.436957</td>\n",
       "      <td>0.186900</td>\n",
       "      <td>82</td>\n",
       "      <td>1518</td>\n",
       "      <td>1600</td>\n",
       "    </tr>\n",
       "  </tbody>\n",
       "</table>\n",
       "</div>"
      ],
      "text/plain": [
       "   instant      dteday  season  yr  mnth  holiday  weekday  workingday  \\\n",
       "0        1  2011-01-01       1   0     1        0        6           0   \n",
       "1        2  2011-01-02       1   0     1        0        0           0   \n",
       "2        3  2011-01-03       1   0     1        0        1           1   \n",
       "3        4  2011-01-04       1   0     1        0        2           1   \n",
       "4        5  2011-01-05       1   0     1        0        3           1   \n",
       "\n",
       "   weathersit      temp     atemp       hum  windspeed  casual  registered  \\\n",
       "0           2  0.344167  0.363625  0.805833   0.160446     331         654   \n",
       "1           2  0.363478  0.353739  0.696087   0.248539     131         670   \n",
       "2           1  0.196364  0.189405  0.437273   0.248309     120        1229   \n",
       "3           1  0.200000  0.212122  0.590435   0.160296     108        1454   \n",
       "4           1  0.226957  0.229270  0.436957   0.186900      82        1518   \n",
       "\n",
       "    cnt  \n",
       "0   985  \n",
       "1   801  \n",
       "2  1349  \n",
       "3  1562  \n",
       "4  1600  "
      ]
     },
     "execution_count": 2,
     "metadata": {},
     "output_type": "execute_result"
    }
   ],
   "source": [
    "data = pd.read_csv('bikesharing_day.csv')\n",
    "data.head()"
   ]
  },
  {
   "cell_type": "code",
   "execution_count": 3,
   "id": "e249e085",
   "metadata": {},
   "outputs": [
    {
     "name": "stdout",
     "output_type": "stream",
     "text": [
      "<class 'pandas.core.frame.DataFrame'>\n",
      "RangeIndex: 731 entries, 0 to 730\n",
      "Data columns (total 16 columns):\n",
      " #   Column      Non-Null Count  Dtype  \n",
      "---  ------      --------------  -----  \n",
      " 0   instant     731 non-null    int64  \n",
      " 1   dteday      731 non-null    object \n",
      " 2   season      731 non-null    int64  \n",
      " 3   yr          731 non-null    int64  \n",
      " 4   mnth        731 non-null    int64  \n",
      " 5   holiday     731 non-null    int64  \n",
      " 6   weekday     731 non-null    int64  \n",
      " 7   workingday  731 non-null    int64  \n",
      " 8   weathersit  731 non-null    int64  \n",
      " 9   temp        731 non-null    float64\n",
      " 10  atemp       731 non-null    float64\n",
      " 11  hum         731 non-null    float64\n",
      " 12  windspeed   731 non-null    float64\n",
      " 13  casual      731 non-null    int64  \n",
      " 14  registered  731 non-null    int64  \n",
      " 15  cnt         731 non-null    int64  \n",
      "dtypes: float64(4), int64(11), object(1)\n",
      "memory usage: 91.5+ KB\n"
     ]
    }
   ],
   "source": [
    "data.info()"
   ]
  },
  {
   "cell_type": "code",
   "execution_count": 4,
   "id": "06acf552",
   "metadata": {},
   "outputs": [
    {
     "data": {
      "application/vnd.microsoft.datawrangler.viewer.v0+json": {
       "columns": [
        {
         "name": "index",
         "rawType": "object",
         "type": "string"
        },
        {
         "name": "0",
         "rawType": "int64",
         "type": "integer"
        }
       ],
       "ref": "0e1700a7-81f4-43b8-91f6-d3f5e7ee0010",
       "rows": [
        [
         "instant",
         "0"
        ],
        [
         "dteday",
         "0"
        ],
        [
         "season",
         "0"
        ],
        [
         "yr",
         "0"
        ],
        [
         "mnth",
         "0"
        ],
        [
         "holiday",
         "0"
        ],
        [
         "weekday",
         "0"
        ],
        [
         "workingday",
         "0"
        ],
        [
         "weathersit",
         "0"
        ],
        [
         "temp",
         "0"
        ],
        [
         "atemp",
         "0"
        ],
        [
         "hum",
         "0"
        ],
        [
         "windspeed",
         "0"
        ],
        [
         "casual",
         "0"
        ],
        [
         "registered",
         "0"
        ],
        [
         "cnt",
         "0"
        ]
       ],
       "shape": {
        "columns": 1,
        "rows": 16
       }
      },
      "text/plain": [
       "instant       0\n",
       "dteday        0\n",
       "season        0\n",
       "yr            0\n",
       "mnth          0\n",
       "holiday       0\n",
       "weekday       0\n",
       "workingday    0\n",
       "weathersit    0\n",
       "temp          0\n",
       "atemp         0\n",
       "hum           0\n",
       "windspeed     0\n",
       "casual        0\n",
       "registered    0\n",
       "cnt           0\n",
       "dtype: int64"
      ]
     },
     "execution_count": 4,
     "metadata": {},
     "output_type": "execute_result"
    }
   ],
   "source": [
    "data.isnull().sum()"
   ]
  },
  {
   "cell_type": "code",
   "execution_count": 5,
   "id": "605f8fd1",
   "metadata": {},
   "outputs": [
    {
     "data": {
      "application/vnd.microsoft.datawrangler.viewer.v0+json": {
       "columns": [
        {
         "name": "index",
         "rawType": "object",
         "type": "string"
        },
        {
         "name": "instant",
         "rawType": "float64",
         "type": "float"
        },
        {
         "name": "season",
         "rawType": "float64",
         "type": "float"
        },
        {
         "name": "yr",
         "rawType": "float64",
         "type": "float"
        },
        {
         "name": "mnth",
         "rawType": "float64",
         "type": "float"
        },
        {
         "name": "holiday",
         "rawType": "float64",
         "type": "float"
        },
        {
         "name": "weekday",
         "rawType": "float64",
         "type": "float"
        },
        {
         "name": "workingday",
         "rawType": "float64",
         "type": "float"
        },
        {
         "name": "weathersit",
         "rawType": "float64",
         "type": "float"
        },
        {
         "name": "temp",
         "rawType": "float64",
         "type": "float"
        },
        {
         "name": "atemp",
         "rawType": "float64",
         "type": "float"
        },
        {
         "name": "hum",
         "rawType": "float64",
         "type": "float"
        },
        {
         "name": "windspeed",
         "rawType": "float64",
         "type": "float"
        },
        {
         "name": "casual",
         "rawType": "float64",
         "type": "float"
        },
        {
         "name": "registered",
         "rawType": "float64",
         "type": "float"
        },
        {
         "name": "cnt",
         "rawType": "float64",
         "type": "float"
        }
       ],
       "ref": "ea4cb4d9-8d2d-467d-b81a-9eba413e55a3",
       "rows": [
        [
         "instant",
         "1.0",
         "0.41222417881222106",
         "0.8660254037844386",
         "0.49670188922126657",
         "0.016144632414758376",
         "-1.6179135734028904e-05",
         "-0.004336536931477851",
         "-0.02147720531029272",
         "0.15058030193191735",
         "0.1526382378831442",
         "0.016374713216624308",
         "-0.11261955555790659",
         "0.27525521247218826",
         "0.659622867564585",
         "0.6288302722083062"
        ],
        [
         "season",
         "0.41222417881222106",
         "1.0",
         "-0.0018443425624099271",
         "0.8314401142104252",
         "-0.01053665873599923",
         "-0.0030798813391720477",
         "0.012484963237440971",
         "0.019211028056670312",
         "0.3343148563990942",
         "0.3428756127075339",
         "0.2054447645397416",
         "-0.22904633734684485",
         "0.21039916455044252",
         "0.41162305142951494",
         "0.40610037079863526"
        ],
        [
         "yr",
         "0.8660254037844386",
         "-0.0018443425624099271",
         "1.0",
         "-0.0017924338411962346",
         "0.007954310803060295",
         "-0.005460765185946364",
         "-0.0020126211935202138",
         "-0.04872654120020068",
         "0.04760357191602173",
         "0.046106148538422924",
         "-0.11065104471777891",
         "-0.011817059907782052",
         "0.24854566400672742",
         "0.5942481679351358",
         "0.5667097078680867"
        ],
        [
         "mnth",
         "0.49670188922126657",
         "0.8314401142104252",
         "-0.0017924338411962346",
         "1.0",
         "0.01919089525339548",
         "0.009509312860349974",
         "-0.005900951270197498",
         "0.04352809839245861",
         "0.22020533515337273",
         "0.2274586297415553",
         "0.22220369068898285",
         "-0.20750175158464143",
         "0.12300588926882507",
         "0.2934878299255224",
         "0.27997711221927024"
        ],
        [
         "holiday",
         "0.016144632414758376",
         "-0.01053665873599923",
         "0.007954310803060295",
         "0.01919089525339548",
         "1.0",
         "-0.10196026886035356",
         "-0.2530226996846281",
         "-0.03462684136900051",
         "-0.028555534981074403",
         "-0.032506692300223856",
         "-0.01593747850652252",
         "0.00629150654378877",
         "0.054274203475103505",
         "-0.10874486338121468",
         "-0.068347715892484"
        ],
        [
         "weekday",
         "-1.6179135734028904e-05",
         "-0.0030798813391720477",
         "-0.005460765185946364",
         "0.009509312860349974",
         "-0.10196026886035356",
         "1.0",
         "0.0357896735897842",
         "0.031087469411441058",
         "-0.0001699623848035753",
         "-0.007537131822513728",
         "-0.05223210040137859",
         "0.014282124142083541",
         "0.05992263750227411",
         "0.05736744403680416",
         "0.06744341241063077"
        ],
        [
         "workingday",
         "-0.004336536931477851",
         "0.012484963237440971",
         "-0.0020126211935202138",
         "-0.005900951270197498",
         "-0.2530226996846281",
         "0.0357896735897842",
         "1.0",
         "0.061200430008790545",
         "0.05265981017710374",
         "0.05218227505959599",
         "0.024327045787561587",
         "-0.018796486567174007",
         "-0.5180441913348242",
         "0.3039071170459174",
         "0.06115606306052114"
        ],
        [
         "weathersit",
         "-0.02147720531029272",
         "0.019211028056670312",
         "-0.04872654120020068",
         "0.04352809839245861",
         "-0.03462684136900051",
         "0.031087469411441058",
         "0.061200430008790545",
         "1.0",
         "-0.12060223649971505",
         "-0.1215833542032326",
         "0.5910445992972735",
         "0.03951105859346716",
         "-0.2473529953302609",
         "-0.2603877095630741",
         "-0.2973912388346634"
        ],
        [
         "temp",
         "0.15058030193191735",
         "0.3343148563990942",
         "0.04760357191602173",
         "0.22020533515337273",
         "-0.028555534981074403",
         "-0.0001699623848035753",
         "0.05265981017710374",
         "-0.12060223649971505",
         "1.0",
         "0.9917015532294647",
         "0.12696293902718886",
         "-0.15794412041209957",
         "0.5432846616821875",
         "0.5400119661617868",
         "0.6274940090334914"
        ],
        [
         "atemp",
         "0.1526382378831442",
         "0.3428756127075339",
         "0.046106148538422924",
         "0.2274586297415553",
         "-0.032506692300223856",
         "-0.007537131822513728",
         "0.05218227505959599",
         "-0.1215833542032326",
         "0.9917015532294647",
         "1.0",
         "0.13998805994655997",
         "-0.18364296669082888",
         "0.5438636902622062",
         "0.5441917576380151",
         "0.6310656998491828"
        ],
        [
         "hum",
         "0.016374713216624308",
         "0.2054447645397416",
         "-0.11065104471777891",
         "0.22220369068898285",
         "-0.01593747850652252",
         "-0.05223210040137859",
         "0.024327045787561587",
         "0.5910445992972735",
         "0.12696293902718886",
         "0.13998805994655997",
         "1.0",
         "-0.24848909864371393",
         "-0.07700788276308992",
         "-0.09108860395542409",
         "-0.1006585621371548"
        ],
        [
         "windspeed",
         "-0.11261955555790659",
         "-0.22904633734684485",
         "-0.011817059907782052",
         "-0.20750175158464143",
         "0.00629150654378877",
         "0.014282124142083541",
         "-0.018796486567174007",
         "0.03951105859346716",
         "-0.15794412041209957",
         "-0.18364296669082888",
         "-0.24848909864371393",
         "1.0",
         "-0.16761334930380709",
         "-0.21744898143250424",
         "-0.23454499742167056"
        ],
        [
         "casual",
         "0.27525521247218826",
         "0.21039916455044252",
         "0.24854566400672742",
         "0.12300588926882507",
         "0.054274203475103505",
         "0.05992263750227411",
         "-0.5180441913348242",
         "-0.2473529953302609",
         "0.5432846616821875",
         "0.5438636902622062",
         "-0.07700788276308992",
         "-0.16761334930380709",
         "1.0",
         "0.3952824508604645",
         "0.6728044333386828"
        ],
        [
         "registered",
         "0.659622867564585",
         "0.41162305142951494",
         "0.5942481679351358",
         "0.2934878299255224",
         "-0.10874486338121468",
         "0.05736744403680416",
         "0.3039071170459174",
         "-0.2603877095630741",
         "0.5400119661617868",
         "0.5441917576380151",
         "-0.09108860395542409",
         "-0.21744898143250424",
         "0.3952824508604645",
         "1.0",
         "0.9455169158090359"
        ],
        [
         "cnt",
         "0.6288302722083062",
         "0.40610037079863526",
         "0.5667097078680867",
         "0.27997711221927024",
         "-0.068347715892484",
         "0.06744341241063077",
         "0.06115606306052114",
         "-0.2973912388346634",
         "0.6274940090334914",
         "0.6310656998491828",
         "-0.1006585621371548",
         "-0.23454499742167056",
         "0.6728044333386828",
         "0.9455169158090359",
         "1.0"
        ]
       ],
       "shape": {
        "columns": 15,
        "rows": 15
       }
      },
      "text/html": [
       "<div>\n",
       "<style scoped>\n",
       "    .dataframe tbody tr th:only-of-type {\n",
       "        vertical-align: middle;\n",
       "    }\n",
       "\n",
       "    .dataframe tbody tr th {\n",
       "        vertical-align: top;\n",
       "    }\n",
       "\n",
       "    .dataframe thead th {\n",
       "        text-align: right;\n",
       "    }\n",
       "</style>\n",
       "<table border=\"1\" class=\"dataframe\">\n",
       "  <thead>\n",
       "    <tr style=\"text-align: right;\">\n",
       "      <th></th>\n",
       "      <th>instant</th>\n",
       "      <th>season</th>\n",
       "      <th>yr</th>\n",
       "      <th>mnth</th>\n",
       "      <th>holiday</th>\n",
       "      <th>weekday</th>\n",
       "      <th>workingday</th>\n",
       "      <th>weathersit</th>\n",
       "      <th>temp</th>\n",
       "      <th>atemp</th>\n",
       "      <th>hum</th>\n",
       "      <th>windspeed</th>\n",
       "      <th>casual</th>\n",
       "      <th>registered</th>\n",
       "      <th>cnt</th>\n",
       "    </tr>\n",
       "  </thead>\n",
       "  <tbody>\n",
       "    <tr>\n",
       "      <th>instant</th>\n",
       "      <td>1.000000</td>\n",
       "      <td>0.412224</td>\n",
       "      <td>0.866025</td>\n",
       "      <td>0.496702</td>\n",
       "      <td>0.016145</td>\n",
       "      <td>-0.000016</td>\n",
       "      <td>-0.004337</td>\n",
       "      <td>-0.021477</td>\n",
       "      <td>0.150580</td>\n",
       "      <td>0.152638</td>\n",
       "      <td>0.016375</td>\n",
       "      <td>-0.112620</td>\n",
       "      <td>0.275255</td>\n",
       "      <td>0.659623</td>\n",
       "      <td>0.628830</td>\n",
       "    </tr>\n",
       "    <tr>\n",
       "      <th>season</th>\n",
       "      <td>0.412224</td>\n",
       "      <td>1.000000</td>\n",
       "      <td>-0.001844</td>\n",
       "      <td>0.831440</td>\n",
       "      <td>-0.010537</td>\n",
       "      <td>-0.003080</td>\n",
       "      <td>0.012485</td>\n",
       "      <td>0.019211</td>\n",
       "      <td>0.334315</td>\n",
       "      <td>0.342876</td>\n",
       "      <td>0.205445</td>\n",
       "      <td>-0.229046</td>\n",
       "      <td>0.210399</td>\n",
       "      <td>0.411623</td>\n",
       "      <td>0.406100</td>\n",
       "    </tr>\n",
       "    <tr>\n",
       "      <th>yr</th>\n",
       "      <td>0.866025</td>\n",
       "      <td>-0.001844</td>\n",
       "      <td>1.000000</td>\n",
       "      <td>-0.001792</td>\n",
       "      <td>0.007954</td>\n",
       "      <td>-0.005461</td>\n",
       "      <td>-0.002013</td>\n",
       "      <td>-0.048727</td>\n",
       "      <td>0.047604</td>\n",
       "      <td>0.046106</td>\n",
       "      <td>-0.110651</td>\n",
       "      <td>-0.011817</td>\n",
       "      <td>0.248546</td>\n",
       "      <td>0.594248</td>\n",
       "      <td>0.566710</td>\n",
       "    </tr>\n",
       "    <tr>\n",
       "      <th>mnth</th>\n",
       "      <td>0.496702</td>\n",
       "      <td>0.831440</td>\n",
       "      <td>-0.001792</td>\n",
       "      <td>1.000000</td>\n",
       "      <td>0.019191</td>\n",
       "      <td>0.009509</td>\n",
       "      <td>-0.005901</td>\n",
       "      <td>0.043528</td>\n",
       "      <td>0.220205</td>\n",
       "      <td>0.227459</td>\n",
       "      <td>0.222204</td>\n",
       "      <td>-0.207502</td>\n",
       "      <td>0.123006</td>\n",
       "      <td>0.293488</td>\n",
       "      <td>0.279977</td>\n",
       "    </tr>\n",
       "    <tr>\n",
       "      <th>holiday</th>\n",
       "      <td>0.016145</td>\n",
       "      <td>-0.010537</td>\n",
       "      <td>0.007954</td>\n",
       "      <td>0.019191</td>\n",
       "      <td>1.000000</td>\n",
       "      <td>-0.101960</td>\n",
       "      <td>-0.253023</td>\n",
       "      <td>-0.034627</td>\n",
       "      <td>-0.028556</td>\n",
       "      <td>-0.032507</td>\n",
       "      <td>-0.015937</td>\n",
       "      <td>0.006292</td>\n",
       "      <td>0.054274</td>\n",
       "      <td>-0.108745</td>\n",
       "      <td>-0.068348</td>\n",
       "    </tr>\n",
       "    <tr>\n",
       "      <th>weekday</th>\n",
       "      <td>-0.000016</td>\n",
       "      <td>-0.003080</td>\n",
       "      <td>-0.005461</td>\n",
       "      <td>0.009509</td>\n",
       "      <td>-0.101960</td>\n",
       "      <td>1.000000</td>\n",
       "      <td>0.035790</td>\n",
       "      <td>0.031087</td>\n",
       "      <td>-0.000170</td>\n",
       "      <td>-0.007537</td>\n",
       "      <td>-0.052232</td>\n",
       "      <td>0.014282</td>\n",
       "      <td>0.059923</td>\n",
       "      <td>0.057367</td>\n",
       "      <td>0.067443</td>\n",
       "    </tr>\n",
       "    <tr>\n",
       "      <th>workingday</th>\n",
       "      <td>-0.004337</td>\n",
       "      <td>0.012485</td>\n",
       "      <td>-0.002013</td>\n",
       "      <td>-0.005901</td>\n",
       "      <td>-0.253023</td>\n",
       "      <td>0.035790</td>\n",
       "      <td>1.000000</td>\n",
       "      <td>0.061200</td>\n",
       "      <td>0.052660</td>\n",
       "      <td>0.052182</td>\n",
       "      <td>0.024327</td>\n",
       "      <td>-0.018796</td>\n",
       "      <td>-0.518044</td>\n",
       "      <td>0.303907</td>\n",
       "      <td>0.061156</td>\n",
       "    </tr>\n",
       "    <tr>\n",
       "      <th>weathersit</th>\n",
       "      <td>-0.021477</td>\n",
       "      <td>0.019211</td>\n",
       "      <td>-0.048727</td>\n",
       "      <td>0.043528</td>\n",
       "      <td>-0.034627</td>\n",
       "      <td>0.031087</td>\n",
       "      <td>0.061200</td>\n",
       "      <td>1.000000</td>\n",
       "      <td>-0.120602</td>\n",
       "      <td>-0.121583</td>\n",
       "      <td>0.591045</td>\n",
       "      <td>0.039511</td>\n",
       "      <td>-0.247353</td>\n",
       "      <td>-0.260388</td>\n",
       "      <td>-0.297391</td>\n",
       "    </tr>\n",
       "    <tr>\n",
       "      <th>temp</th>\n",
       "      <td>0.150580</td>\n",
       "      <td>0.334315</td>\n",
       "      <td>0.047604</td>\n",
       "      <td>0.220205</td>\n",
       "      <td>-0.028556</td>\n",
       "      <td>-0.000170</td>\n",
       "      <td>0.052660</td>\n",
       "      <td>-0.120602</td>\n",
       "      <td>1.000000</td>\n",
       "      <td>0.991702</td>\n",
       "      <td>0.126963</td>\n",
       "      <td>-0.157944</td>\n",
       "      <td>0.543285</td>\n",
       "      <td>0.540012</td>\n",
       "      <td>0.627494</td>\n",
       "    </tr>\n",
       "    <tr>\n",
       "      <th>atemp</th>\n",
       "      <td>0.152638</td>\n",
       "      <td>0.342876</td>\n",
       "      <td>0.046106</td>\n",
       "      <td>0.227459</td>\n",
       "      <td>-0.032507</td>\n",
       "      <td>-0.007537</td>\n",
       "      <td>0.052182</td>\n",
       "      <td>-0.121583</td>\n",
       "      <td>0.991702</td>\n",
       "      <td>1.000000</td>\n",
       "      <td>0.139988</td>\n",
       "      <td>-0.183643</td>\n",
       "      <td>0.543864</td>\n",
       "      <td>0.544192</td>\n",
       "      <td>0.631066</td>\n",
       "    </tr>\n",
       "    <tr>\n",
       "      <th>hum</th>\n",
       "      <td>0.016375</td>\n",
       "      <td>0.205445</td>\n",
       "      <td>-0.110651</td>\n",
       "      <td>0.222204</td>\n",
       "      <td>-0.015937</td>\n",
       "      <td>-0.052232</td>\n",
       "      <td>0.024327</td>\n",
       "      <td>0.591045</td>\n",
       "      <td>0.126963</td>\n",
       "      <td>0.139988</td>\n",
       "      <td>1.000000</td>\n",
       "      <td>-0.248489</td>\n",
       "      <td>-0.077008</td>\n",
       "      <td>-0.091089</td>\n",
       "      <td>-0.100659</td>\n",
       "    </tr>\n",
       "    <tr>\n",
       "      <th>windspeed</th>\n",
       "      <td>-0.112620</td>\n",
       "      <td>-0.229046</td>\n",
       "      <td>-0.011817</td>\n",
       "      <td>-0.207502</td>\n",
       "      <td>0.006292</td>\n",
       "      <td>0.014282</td>\n",
       "      <td>-0.018796</td>\n",
       "      <td>0.039511</td>\n",
       "      <td>-0.157944</td>\n",
       "      <td>-0.183643</td>\n",
       "      <td>-0.248489</td>\n",
       "      <td>1.000000</td>\n",
       "      <td>-0.167613</td>\n",
       "      <td>-0.217449</td>\n",
       "      <td>-0.234545</td>\n",
       "    </tr>\n",
       "    <tr>\n",
       "      <th>casual</th>\n",
       "      <td>0.275255</td>\n",
       "      <td>0.210399</td>\n",
       "      <td>0.248546</td>\n",
       "      <td>0.123006</td>\n",
       "      <td>0.054274</td>\n",
       "      <td>0.059923</td>\n",
       "      <td>-0.518044</td>\n",
       "      <td>-0.247353</td>\n",
       "      <td>0.543285</td>\n",
       "      <td>0.543864</td>\n",
       "      <td>-0.077008</td>\n",
       "      <td>-0.167613</td>\n",
       "      <td>1.000000</td>\n",
       "      <td>0.395282</td>\n",
       "      <td>0.672804</td>\n",
       "    </tr>\n",
       "    <tr>\n",
       "      <th>registered</th>\n",
       "      <td>0.659623</td>\n",
       "      <td>0.411623</td>\n",
       "      <td>0.594248</td>\n",
       "      <td>0.293488</td>\n",
       "      <td>-0.108745</td>\n",
       "      <td>0.057367</td>\n",
       "      <td>0.303907</td>\n",
       "      <td>-0.260388</td>\n",
       "      <td>0.540012</td>\n",
       "      <td>0.544192</td>\n",
       "      <td>-0.091089</td>\n",
       "      <td>-0.217449</td>\n",
       "      <td>0.395282</td>\n",
       "      <td>1.000000</td>\n",
       "      <td>0.945517</td>\n",
       "    </tr>\n",
       "    <tr>\n",
       "      <th>cnt</th>\n",
       "      <td>0.628830</td>\n",
       "      <td>0.406100</td>\n",
       "      <td>0.566710</td>\n",
       "      <td>0.279977</td>\n",
       "      <td>-0.068348</td>\n",
       "      <td>0.067443</td>\n",
       "      <td>0.061156</td>\n",
       "      <td>-0.297391</td>\n",
       "      <td>0.627494</td>\n",
       "      <td>0.631066</td>\n",
       "      <td>-0.100659</td>\n",
       "      <td>-0.234545</td>\n",
       "      <td>0.672804</td>\n",
       "      <td>0.945517</td>\n",
       "      <td>1.000000</td>\n",
       "    </tr>\n",
       "  </tbody>\n",
       "</table>\n",
       "</div>"
      ],
      "text/plain": [
       "             instant    season        yr      mnth   holiday   weekday  \\\n",
       "instant     1.000000  0.412224  0.866025  0.496702  0.016145 -0.000016   \n",
       "season      0.412224  1.000000 -0.001844  0.831440 -0.010537 -0.003080   \n",
       "yr          0.866025 -0.001844  1.000000 -0.001792  0.007954 -0.005461   \n",
       "mnth        0.496702  0.831440 -0.001792  1.000000  0.019191  0.009509   \n",
       "holiday     0.016145 -0.010537  0.007954  0.019191  1.000000 -0.101960   \n",
       "weekday    -0.000016 -0.003080 -0.005461  0.009509 -0.101960  1.000000   \n",
       "workingday -0.004337  0.012485 -0.002013 -0.005901 -0.253023  0.035790   \n",
       "weathersit -0.021477  0.019211 -0.048727  0.043528 -0.034627  0.031087   \n",
       "temp        0.150580  0.334315  0.047604  0.220205 -0.028556 -0.000170   \n",
       "atemp       0.152638  0.342876  0.046106  0.227459 -0.032507 -0.007537   \n",
       "hum         0.016375  0.205445 -0.110651  0.222204 -0.015937 -0.052232   \n",
       "windspeed  -0.112620 -0.229046 -0.011817 -0.207502  0.006292  0.014282   \n",
       "casual      0.275255  0.210399  0.248546  0.123006  0.054274  0.059923   \n",
       "registered  0.659623  0.411623  0.594248  0.293488 -0.108745  0.057367   \n",
       "cnt         0.628830  0.406100  0.566710  0.279977 -0.068348  0.067443   \n",
       "\n",
       "            workingday  weathersit      temp     atemp       hum  windspeed  \\\n",
       "instant      -0.004337   -0.021477  0.150580  0.152638  0.016375  -0.112620   \n",
       "season        0.012485    0.019211  0.334315  0.342876  0.205445  -0.229046   \n",
       "yr           -0.002013   -0.048727  0.047604  0.046106 -0.110651  -0.011817   \n",
       "mnth         -0.005901    0.043528  0.220205  0.227459  0.222204  -0.207502   \n",
       "holiday      -0.253023   -0.034627 -0.028556 -0.032507 -0.015937   0.006292   \n",
       "weekday       0.035790    0.031087 -0.000170 -0.007537 -0.052232   0.014282   \n",
       "workingday    1.000000    0.061200  0.052660  0.052182  0.024327  -0.018796   \n",
       "weathersit    0.061200    1.000000 -0.120602 -0.121583  0.591045   0.039511   \n",
       "temp          0.052660   -0.120602  1.000000  0.991702  0.126963  -0.157944   \n",
       "atemp         0.052182   -0.121583  0.991702  1.000000  0.139988  -0.183643   \n",
       "hum           0.024327    0.591045  0.126963  0.139988  1.000000  -0.248489   \n",
       "windspeed    -0.018796    0.039511 -0.157944 -0.183643 -0.248489   1.000000   \n",
       "casual       -0.518044   -0.247353  0.543285  0.543864 -0.077008  -0.167613   \n",
       "registered    0.303907   -0.260388  0.540012  0.544192 -0.091089  -0.217449   \n",
       "cnt           0.061156   -0.297391  0.627494  0.631066 -0.100659  -0.234545   \n",
       "\n",
       "              casual  registered       cnt  \n",
       "instant     0.275255    0.659623  0.628830  \n",
       "season      0.210399    0.411623  0.406100  \n",
       "yr          0.248546    0.594248  0.566710  \n",
       "mnth        0.123006    0.293488  0.279977  \n",
       "holiday     0.054274   -0.108745 -0.068348  \n",
       "weekday     0.059923    0.057367  0.067443  \n",
       "workingday -0.518044    0.303907  0.061156  \n",
       "weathersit -0.247353   -0.260388 -0.297391  \n",
       "temp        0.543285    0.540012  0.627494  \n",
       "atemp       0.543864    0.544192  0.631066  \n",
       "hum        -0.077008   -0.091089 -0.100659  \n",
       "windspeed  -0.167613   -0.217449 -0.234545  \n",
       "casual      1.000000    0.395282  0.672804  \n",
       "registered  0.395282    1.000000  0.945517  \n",
       "cnt         0.672804    0.945517  1.000000  "
      ]
     },
     "execution_count": 5,
     "metadata": {},
     "output_type": "execute_result"
    }
   ],
   "source": [
    "data.corr(numeric_only=True)"
   ]
  },
  {
   "cell_type": "code",
   "execution_count": 6,
   "id": "c5d1f872",
   "metadata": {},
   "outputs": [],
   "source": [
    "data = data.drop([ 'dteday', 'casual', 'instant', 'registered', 'yr'], axis=1)"
   ]
  },
  {
   "cell_type": "code",
   "execution_count": 7,
   "id": "9335f5c3",
   "metadata": {},
   "outputs": [],
   "source": [
    "data.to_csv('bikesharing_clean.csv', index=False)"
   ]
  },
  {
   "cell_type": "code",
   "execution_count": 8,
   "id": "4ca14395",
   "metadata": {},
   "outputs": [
    {
     "data": {
